16.5
25.75
12.5
21.75
32
32
32
15.75
17.25
12.05
2.75
8.5
13.25
25.75
31
8.5
23.75
28.5
18
20.25
29.25
2.75
21.5
21.75
11
22.75
16
19.5
21
21.25
22.5
23.5
25.75
27.75
31
18.5
18.5
24.55
31.5
20.25
25.75
26.5
28.75
32
22.55
32
20
25.25
20.25
23.6
23.75
17
23
28.75
31
31.5
32
15
23.5
24.75
16.75
26.25
29.5
32
32
32
32
18.25
27.5
28
26.75
32
32
0
12.25
26
28.75
29
32
32
32
23.75
23.75
24
25
25.25
28.75
31
25.25
27
16.5
20.25
31
30
30
30.75
23
25.25
18.75
23.25
31.5
32
20.25
25.25
25.75
29
24.5
32
22.35
29
12.75
30
19
27.25
27.75
31.5
12.5
18.5
19
25.75
29.5
32
32
23.25
28.5
31
32
25
26.75
30
30
32
25.25
32
32
22.25
